Main:
Calculate.show():
Input data: X
-  --  ----  ----  ----  ----
3   7  1180     0  1955     0
3   7  2170   400  1951  1991
3   6   770     0  1933     0
5   7  1050   910  1965     0
3   8  1680     0  1987     0
3  11  3890  1530  2001     0
3   7  1715     0  1995     0
3   7  1060     0  1963     0
3   7  1050   730  1960     0
3   7  1890     0  2003     0
3   8  1860  1700  1965     0
4   7   860   300  1942     0
4   7  1430     0  1927     0
4   7  1370     0  1977     0
3   7  1810     0  1900     0
3   9  1980   970  1979     0
3   7  1890     0  1994     0
4   7  1600     0  1916     0
4   7  1200     0  1921     0
4   7  1250     0  1969     0
4   7   860   760  1947     0
3   9  2330   720  1968     0
3   8  2270     0  1995     0
3   7  1070     0  1985     0
4   8  2450     0  1985     0
5   6  1710     0  1941     0
3   8  1750   700  1915     0
5   8  1400     0  1909     0
3   7   790   730  1948     0
3   8  2570     0  2005     0
3   8  2320     0  2003     0
3   7  1190     0  2005     0
4   7  1510   820  1929     0
4   8  1090     0  1929     0
3   7  1280   780  1981     0
3   8  1510   790  1930  2002
1   5   930   730  1933     0
4   8  2360     0  1904     0
2   7   890   330  1969     0
3   8  2620     0  1996     0
3   9  2570     0  2000     0
3   8  2600  1620  1984     0
3   9  3595     0  2014     0
3   7  1570     0  1922     0
4   6   920   360  1959     0
3   8  3160     0  2003     0
3   6   990     0  1966     0
4   9  2290     0  1981     0
4   7  1250     0  1953     0
5   9  2165   588  1953     0
3   7  1190     0  1955     0
4   8  1640  1510  1966     0
4   7  1000   410  1950     0
3   7   990   990  1981     0
3   8  2130   600  1927     0
3   9  2830     0  1995     0
3   7  2250     0  2008     0
3   8  2420     0  2003     0
4   8  3250     0  1968     0
3   8  1850     0  1991     0
4   8  1590   560  1959     0
3   7  1260     0  1954     0
5   8  2519     0  1973     0
3   8  1540     0  2014     0
3   7  1110   550  1979     0
5   7  1770  1000  1925     0
3  10  2720     0  1989     0
3   7  2240     0  2005     0
4   7  1000     0  1968     0
3   8  1600  1600  1965     0
4  11  3070  1700  1973     0
4   7  1260     0  1972     0
5   7  2250   500  1916     0
3   8  2380     0  2005     0
5   7  1090   700  1965     0
4  10  2390  1040  1986     0
3   7   880   880  1956     0
3   7  1040     0  1941     0
4   7   910   500  1956     0
3  10  3450     0  2002     0
3   8  2350     0  2003     0
3   7  1900     0  1992     0
3   7  1010  1010  1948     0
3   8  1680     0  1964     0
3   6   960     0  1952     0
3   9  1900   240  1925     0
5   7  2660     0  1961     0
3   9  1980   790  2006     0
4   7  1610     0  1979     0
3   7   765   265  2006     0
3   7  1980     0  1988     0
4  10  3520     0  2001     0
3   7  1200     0  1962     0
3   8  1290   290  1939     0
3   8  1290   290  1939     0
3   7  2390   910  1946  1991
3   7  1960     0  1967     0
4   7  1160     0  1975     0
-  --  ----  ----  ----  ----

Input data: Y
-----  ----------------
98178  221900
98125  538000
98028  180000
98136  604000
98074  510000
98053       1.225e+08
98003  257500
98198  291850
98146  229500
98038  323000
98007  662500
98115  468000
98028  310000
98074  400000
98107  530000
98126  650000
98019  395000
98103  485000
98002  189000
98003  230000
98133  385000
98040       2e+06
98092  285000
98030  252700
98030  329000
98002  233000
98119  937000
98112  667000
98115  438000
98052  719000
98027  580500
98133  280000
98117  687500
98117  535000
98058  322500
98115  696000
98052  550000
98107  640000
98001  240000
98056  605000
98074  625000
98166  775000
98053  861990
98119  685000
98058  309000
98019  488000
98023  210490
98007  785000
98115  450000
98070       1.35e+07
98148  228000
98056  345000
98117  600000
98117  585000
98105  920000
98105  885000
98042  292500
98042  301000
98008  951000
98059  430000
98166  650000
98148  289000
98166  505000
98115  549000
98122  425000
98144  317625
98004  975000
98001  287000
98042  204000
98004       1.325e+08
98005       1.04e+07
98034  325000
98125  571000
98038  360000
98042  349000
98075  832500
98008  380000
98116  480000
98133  410000
98010  720000
98038  390000
98038  360000
98118  355000
98059  356000
98125  315000
98119  940000
98092  305000
98056  461000
98056  215000
98136  335000
98023  243500
98199       1.09988e+10
98023  153000
98117  430000
98117  700000
98040  905000
98032  247500
98023  199000
-----  ----------------

X normalised:
----  --------  -------  --------  ---------  --------
0.5   0.333333  0.1328   0         0.482456   0
0.5   0.333333  0.4496   0.235294  0.447368   0.994505
0.5   0.166667  0.0016   0         0.289474   0
1     0.333333  0.0912   0.535294  0.570175   0
0.5   0.5       0.2928   0         0.763158   0
0.5   1         1        0.9       0.885965   0
0.5   0.333333  0.304    0         0.833333   0
0.5   0.333333  0.0944   0         0.552632   0
0.5   0.333333  0.0912   0.429412  0.526316   0
0.5   0.333333  0.36     0         0.903509   0
0.5   0.5       0.3504   1         0.570175   0
0.75  0.333333  0.0304   0.176471  0.368421   0
0.75  0.333333  0.2128   0         0.236842   0
0.75  0.333333  0.1936   0         0.675439   0
0.5   0.333333  0.3344   0         0          0
0.5   0.666667  0.3888   0.570588  0.692982   0
0.5   0.333333  0.36     0         0.824561   0
0.75  0.333333  0.2672   0         0.140351   0
0.75  0.333333  0.1392   0         0.184211   0
0.75  0.333333  0.1552   0         0.605263   0
0.75  0.333333  0.0304   0.447059  0.412281   0
0.5   0.666667  0.5008   0.423529  0.596491   0
0.5   0.5       0.4816   0         0.833333   0
0.5   0.333333  0.0976   0         0.745614   0
0.75  0.5       0.5392   0         0.745614   0
1     0.166667  0.3024   0         0.359649   0
0.5   0.5       0.3152   0.411765  0.131579   0
1     0.5       0.2032   0         0.0789474  0
0.5   0.333333  0.008    0.429412  0.421053   0
0.5   0.5       0.5776   0         0.921053   0
0.5   0.5       0.4976   0         0.903509   0
0.5   0.333333  0.136    0         0.921053   0
0.75  0.333333  0.2384   0.482353  0.254386   0
0.75  0.5       0.104    0         0.254386   0
0.5   0.333333  0.1648   0.458824  0.710526   0
0.5   0.5       0.2384   0.464706  0.263158   1
0     0         0.0528   0.429412  0.289474   0
0.75  0.5       0.5104   0         0.0350877  0
0.25  0.333333  0.04     0.194118  0.605263   0
0.5   0.5       0.5936   0         0.842105   0
0.5   0.666667  0.5776   0         0.877193   0
0.5   0.5       0.5872   0.952941  0.736842   0
0.5   0.666667  0.9056   0         1          0
0.5   0.333333  0.2576   0         0.192982   0
0.75  0.166667  0.0496   0.211765  0.517544   0
0.5   0.5       0.7664   0         0.903509   0
0.5   0.166667  0.072    0         0.578947   0
0.75  0.666667  0.488    0         0.710526   0
0.75  0.333333  0.1552   0         0.464912   0
1     0.666667  0.448    0.345882  0.464912   0
0.5   0.333333  0.136    0         0.482456   0
0.75  0.5       0.28     0.888235  0.578947   0
0.75  0.333333  0.0752   0.241176  0.438596   0
0.5   0.333333  0.072    0.582353  0.710526   0
0.5   0.5       0.4368   0.352941  0.236842   0
0.5   0.666667  0.6608   0         0.833333   0
0.5   0.333333  0.4752   0         0.947368   0
0.5   0.5       0.5296   0         0.903509   0
0.75  0.5       0.7952   0         0.596491   0
0.5   0.5       0.3472   0         0.798246   0
0.75  0.5       0.264    0.329412  0.517544   0
0.5   0.333333  0.1584   0         0.473684   0
1     0.5       0.56128  0         0.640351   0
0.5   0.5       0.248    0         1          0
0.5   0.333333  0.1104   0.323529  0.692982   0
1     0.333333  0.3216   0.588235  0.219298   0
0.5   0.833333  0.6256   0         0.780702   0
0.5   0.333333  0.472    0         0.921053   0
0.75  0.333333  0.0752   0         0.596491   0
0.5   0.5       0.2672   0.941176  0.570175   0
0.75  1         0.7376   1         0.640351   0
0.75  0.333333  0.1584   0         0.631579   0
1     0.333333  0.4752   0.294118  0.140351   0
0.5   0.5       0.5168   0         0.921053   0
1     0.333333  0.104    0.411765  0.570175   0
0.75  0.833333  0.52     0.611765  0.754386   0
0.5   0.333333  0.0368   0.517647  0.491228   0
0.5   0.333333  0.088    0         0.359649   0
0.75  0.333333  0.0464   0.294118  0.491228   0
0.5   0.833333  0.8592   0         0.894737   0
0.5   0.5       0.5072   0         0.903509   0
0.5   0.333333  0.3632   0         0.807018   0
0.5   0.333333  0.0784   0.594118  0.421053   0
0.5   0.5       0.2928   0         0.561404   0
0.5   0.166667  0.0624   0         0.45614    0
0.5   0.666667  0.3632   0.141176  0.219298   0
1     0.333333  0.6064   0         0.535088   0
0.5   0.666667  0.3888   0.464706  0.929825   0
0.75  0.333333  0.2704   0         0.692982   0
0.5   0.333333  0        0.155882  0.929825   0
0.5   0.333333  0.3888   0         0.77193    0
0.75  0.833333  0.8816   0         0.885965   0
0.5   0.333333  0.1392   0         0.54386    0
0.5   0.5       0.168    0.170588  0.342105   0
0.5   0.5       0.168    0.170588  0.342105   0
0.5   0.333333  0.52     0.535294  0.403509   0.994505
0.5   0.333333  0.3824   0         0.587719   0
0.75  0.333333  0.1264   0         0.657895   0
----  --------  -------  --------  ---------  --------

Y normalised:
----------  -----------
0.893939    6.26441e-06
0.626263    3.50043e-05
0.136364    2.45485e-06
0.681818    4.1005e-05
0.368687    3.24585e-05
0.262626    0.0111238
0.010101    9.50117e-06
0.994949    1.26243e-05
0.732323    6.9554e-06
0.186869    1.54564e-05
0.030303    4.63239e-05
0.575758    2.86399e-05
0.136364    1.42745e-05
0.368687    2.24573e-05
0.535354    3.42769e-05
0.631313    4.51874e-05
0.0909091   2.20027e-05
0.515152    3.01855e-05
0.00505051  3.27313e-06
0.010101    7.00086e-06
0.666667    2.10935e-05
0.19697     0.00016793
0.459596    1.20015e-05
0.146465    9.06475e-06
0.146465    1.6002e-05
0.00505051  7.27362e-06
0.59596     7.12815e-05
0.560606    4.6733e-05
0.575758    2.59123e-05
0.257576    5.14609e-05
0.131313    3.88684e-05
0.666667    1.15469e-05
0.585859    4.85969e-05
0.585859    3.47315e-05
0.287879    1.5411e-05
0.575758    4.93697e-05
0.257576    3.60953e-05
0.535354    4.42782e-05
0           7.91006e-06
0.277778    4.1096e-05
0.368687    4.29144e-05
0.833333    5.65524e-05
0.262626    6.44616e-05
0.59596     4.83696e-05
0.287879    1.41836e-05
0.0909091   3.04583e-05
0.111111    5.22701e-06
0.030303    5.74616e-05
0.575758    2.70033e-05
0.348485    0.00121351
0.742424    6.81902e-06
0.277778    1.74567e-05
0.585859    4.06414e-05
0.585859    3.92776e-05
0.525253    6.97359e-05
0.525253    6.65536e-05
0.207071    1.26834e-05
0.207071    1.34562e-05
0.0353535   7.25544e-05
0.292929    2.51849e-05
0.833333    4.51874e-05
0.742424    1.23652e-05
0.833333    3.20039e-05
0.575758    3.60044e-05
0.611111    2.47303e-05
0.722222    1.49678e-05
0.0151515   7.47365e-05
0           1.21833e-05
0.207071    4.63693e-06
0.0151515   0.012033
0.020202    0.00093166
0.166667    1.56383e-05
0.626263    3.80047e-05
0.186869    1.88205e-05
0.207071    1.78204e-05
0.373737    6.17803e-05
0.0353535   2.06389e-05
0.580808    2.97309e-05
0.666667    2.33665e-05
0.0454545   5.15518e-05
0.186869    2.15481e-05
0.186869    1.88205e-05
0.590909    1.83659e-05
0.292929    1.84568e-05
0.626263    1.47291e-05
0.59596     7.15543e-05
0.459596    1.38199e-05
0.277778    2.80034e-05
0.277778    5.63706e-06
0.681818    1.65475e-05
0.111111    8.22828e-06
1           1
0.111111    0
0.585859    2.51849e-05
0.585859    4.97334e-05
0.19697     6.8372e-05
0.156566    8.59197e-06
0.111111    4.18233e-06
----------  -----------

matrix B:
-----------  -----------
0.446973     0.446973
0.313149     0.313149
0.068183     0.068183
0.34093      0.34093
0.18436      0.18436
0.136875     0.136875
0.00505526   0.00505526
0.497481     0.497481
0.366165     0.366165
0.0934421    0.0934421
0.0151747    0.0151747
0.287893     0.287893
0.068189     0.068189
0.184355     0.184355
0.267694     0.267694
0.315679     0.315679
0.0454655    0.0454655
0.257591     0.257591
0.00252689   0.00252689
0.00505401   0.00505401
0.333344     0.333344
0.0985688    0.0985688
0.229804     0.229804
0.0732369    0.0732369
0.0732403    0.0732403
0.00252889   0.00252889
0.298015     0.298015
0.280326     0.280326
0.287892     0.287892
0.128814     0.128814
0.065676     0.065676
0.333339     0.333339
0.292954     0.292954
0.292947     0.292947
0.143947     0.143947
0.287903     0.287903
0.128806     0.128806
0.267699     0.267699
3.95503e-06  3.95503e-06
0.138909     0.138909
0.184365     0.184365
0.416695     0.416695
0.131345     0.131345
0.298004     0.298004
0.143946     0.143946
0.0454698    0.0454698
0.0555582    0.0555582
0.0151802    0.0151802
0.287892     0.287892
0.174849     0.174849
0.371216     0.371216
0.138898     0.138898
0.29295      0.29295
0.292949     0.292949
0.262661     0.262661
0.26266      0.26266
0.103542     0.103542
0.103542     0.103542
0.017713     0.017713
0.146477     0.146477
0.416689     0.416689
0.371218     0.371218
0.416683     0.416683
0.287897     0.287897
0.305568     0.305568
0.361119     0.361119
0.00761313   0.00761313
6.09166e-06  6.09166e-06
0.103538     0.103538
0.0135923    0.0135923
0.0105668    0.0105668
0.0833412    0.0833412
0.31315      0.31315
0.0934438    0.0934438
0.103544     0.103544
0.1869       0.1869
0.0176871    0.0176871
0.290419     0.290419
0.333345     0.333345
0.022753     0.022753
0.0934451    0.0934451
0.0934438    0.0934438
0.295464     0.295464
0.146474     0.146474
0.313139     0.313139
0.298016     0.298016
0.229805     0.229805
0.138903     0.138903
0.138892     0.138892
0.340917     0.340917
0.0555597    0.0555597
1            1
0.0555556    0.0555556
0.292942     0.292942
0.292954     0.292954
0.098519     0.098519
0.0782871    0.0782871
0.0555576    0.0555576
-----------  -----------

matrix A:
-  ----  ----  --  ----  -  ---------  ---------  ---------  ---------  -  --------  -  ----------  -  ----------  ----------  ----------  ----------  -  ---------  --------  ---------  --------
1   0    -1    -0   1    1  -0.333333  -0.777778   0.851852   0.209877  1  -0.7344   1  -1          1  -0.0350877  -0.997538    0.10509     0.990163   1  -1         1         -1         1
1   0    -1    -0   1    1  -0.333333  -0.777778   0.851852   0.209877  1  -0.1008   1  -0.529412   1  -0.105263   -0.977839    0.311124    0.91234    1   0.989011  0.956285   0.902543  0.828964
1   0    -1    -0   1    1  -0.666667  -0.111111   0.814815  -0.975309  1  -0.9968   1  -1          1  -0.421053   -0.645429    0.964572   -0.166842   1  -1         1         -1         1
1   1     1     1   1    1  -0.333333  -0.777778   0.851852   0.209877  1  -0.8176   1   0.0705882  1   0.140351   -0.960603   -0.409994    0.845517   1  -1         1         -1         1
1   0    -1    -0   1    1   0         -1         -0          1         1  -0.4144   1  -1          1   0.526316   -0.445983   -0.995772   -0.602198   1  -1         1         -1         1
1   0    -1    -0   1    1   1          1          1          1         1   1        1   0.8        1   0.77193     0.191751   -0.475893   -0.926463   1  -1         1         -1         1
1   0    -1    -0   1    1  -0.333333  -0.777778   0.851852   0.209877  1  -0.392    1  -1          1   0.666667   -0.111111   -0.814815   -0.975309   1  -1         1         -1         1
1   0    -1    -0   1    1  -0.333333  -0.777778   0.851852   0.209877  1  -0.8112   1  -1          1   0.105263   -0.977839   -0.311124    0.91234    1  -1         1         -1         1
1   0    -1    -0   1    1  -0.333333  -0.777778   0.851852   0.209877  1  -0.8176   1  -0.141176   1   0.0526316  -0.99446    -0.157312    0.977901   1  -1         1         -1         1
1   0    -1    -0   1    1  -0.333333  -0.777778   0.851852   0.209877  1  -0.28     1  -1          1   0.807018    0.302555   -0.318684   -0.816921   1  -1         1         -1         1
1   0    -1    -0   1    1   0         -1         -0          1         1  -0.2992   1   1          1   0.140351   -0.960603   -0.409994    0.845517   1  -1         1         -1         1
1   0.5  -0.5  -1  -0.5  1  -0.333333  -0.777778   0.851852   0.209877  1  -0.9392   1  -0.647059   1  -0.263158   -0.861496    0.716577    0.48435    1  -1         1         -1         1
1   0.5  -0.5  -1  -0.5  1  -0.333333  -0.777778   0.851852   0.209877  1  -0.5744   1  -1          1  -0.526316   -0.445983    0.995772   -0.602198   1  -1         1         -1         1
1   0.5  -0.5  -1  -0.5  1  -0.333333  -0.777778   0.851852   0.209877  1  -0.6128   1  -1          1   0.350877   -0.75377    -0.879839    0.13634    1  -1         1         -1         1
1   0    -1    -0   1    1  -0.333333  -0.777778   0.851852   0.209877  1  -0.3312   1  -1          1  -1           1          -1           1          1  -1         1         -1         1
1   0    -1    -0   1    1   0.333333  -0.777778  -0.851852   0.209877  1  -0.2224   1   0.141176   1   0.385965   -0.702062   -0.927908   -0.0142174  1  -1         1         -1         1
1   0    -1    -0   1    1  -0.333333  -0.777778   0.851852   0.209877  1  -0.28     1  -1          1   0.649123   -0.157279   -0.85331    -0.950527   1  -1         1         -1         1
1   0.5  -0.5  -1  -0.5  1  -0.333333  -0.777778   0.851852   0.209877  1  -0.4656   1  -1          1  -0.719298    0.0347799   0.669264   -0.997581   1  -1         1         -1         1
1   0.5  -0.5  -1  -0.5  1  -0.333333  -0.777778   0.851852   0.209877  1  -0.7216   1  -1          1  -0.631579   -0.202216    0.88701    -0.918217   1  -1         1         -1         1
1   0.5  -0.5  -1  -0.5  1  -0.333333  -0.777778   0.851852   0.209877  1  -0.6896   1  -1          1   0.210526   -0.911357   -0.594256    0.661144   1  -1         1         -1         1
1   0.5  -0.5  -1  -0.5  1  -0.333333  -0.777778   0.851852   0.209877  1  -0.9392   1  -0.105882   1  -0.175439   -0.938443    0.504717    0.761349   1  -1         1         -1         1
1   0    -1    -0   1    1   0.333333  -0.777778  -0.851852   0.209877  1   0.0016   1  -0.152941   1   0.192982   -0.925516   -0.550199    0.713158   1  -1         1         -1         1
1   0    -1    -0   1    1   0         -1         -0          1         1  -0.0368   1  -1          1   0.666667   -0.111111   -0.814815   -0.975309   1  -1         1         -1         1
1   0    -1    -0   1    1  -0.333333  -0.777778   0.851852   0.209877  1  -0.8048   1  -1          1   0.491228   -0.51739    -0.999541   -0.464615   1  -1         1         -1         1
1   0.5  -0.5  -1  -0.5  1   0         -1         -0          1         1   0.0784   1  -1          1   0.491228   -0.51739    -0.999541   -0.464615   1  -1         1         -1         1
1   1     1     1   1    1  -0.666667  -0.111111   0.814815  -0.975309  1  -0.3952   1  -1          1  -0.280702   -0.842413    0.753635    0.419319   1  -1         1         -1         1
1   0    -1    -0   1    1   0         -1         -0          1         1  -0.3696   1  -0.176471   1  -0.736842    0.0858726   0.610293   -0.985252   1  -1         1         -1         1
1   1     1     1   1    1   0         -1         -0          1         1  -0.5936   1  -1          1  -0.842105    0.418283    0.137629   -0.650079   1  -1         1         -1         1
1   0    -1    -0   1    1  -0.333333  -0.777778   0.851852   0.209877  1  -0.984    1  -0.141176   1  -0.157895   -0.950139    0.457938    0.805526   1  -1         1         -1         1
1   0    -1    -0   1    1   0         -1         -0          1         1   0.1552   1  -1          1   0.842105    0.418283   -0.137629   -0.650079   1  -1         1         -1         1
1   0    -1    -0   1    1   0         -1         -0          1         1  -0.0048   1  -1          1   0.807018    0.302555   -0.318684   -0.816921   1  -1         1         -1         1
1   0    -1    -0   1    1  -0.333333  -0.777778   0.851852   0.209877  1  -0.728    1  -1          1   0.842105    0.418283   -0.137629   -0.650079   1  -1         1         -1         1
1   0.5  -0.5  -1  -0.5  1  -0.333333  -0.777778   0.851852   0.209877  1  -0.5232   1  -0.0352941  1  -0.491228   -0.51739     0.999541   -0.464615   1  -1         1         -1         1
1   0.5  -0.5  -1  -0.5  1   0         -1         -0          1         1  -0.792    1  -1          1  -0.491228   -0.51739     0.999541   -0.464615   1  -1         1         -1         1
1   0    -1    -0   1    1  -0.333333  -0.777778   0.851852   0.209877  1  -0.6704   1  -0.0823529  1   0.421053   -0.645429   -0.964572   -0.166842   1  -1         1         -1         1
1   0    -1    -0   1    1   0         -1         -0          1         1  -0.5232   1  -0.0705882  1  -0.473684   -0.551247    0.995918   -0.392255   1   1         1          1         1
1  -1     1    -1   1    1  -1          1         -1          1         1  -0.8944   1  -0.141176   1  -0.421053   -0.645429    0.964572   -0.166842   1  -1         1         -1         1
1   0.5  -0.5  -1  -0.5  1   0         -1         -0          1         1   0.0208   1  -1          1  -0.929825    0.729147   -0.426134    0.0633119  1  -1         1         -1         1
1  -0.5  -0.5   1  -0.5  1  -0.333333  -0.777778   0.851852   0.209877  1  -0.92     1  -0.611765   1   0.210526   -0.911357   -0.594256    0.661144   1  -1         1         -1         1
1   0    -1    -0   1    1   0         -1         -0          1         1   0.1872   1  -1          1   0.684211   -0.0637119  -0.771395   -0.991882   1  -1         1         -1         1
1   0    -1    -0   1    1   0.333333  -0.777778  -0.851852   0.209877  1   0.1552   1  -1          1   0.754386    0.138196   -0.545879   -0.961804   1  -1         1         -1         1
1   0    -1    -0   1    1   0         -1         -0          1         1   0.1744   1   0.905882   1   0.473684   -0.551247   -0.995918   -0.392255   1  -1         1         -1         1
1   0    -1    -0   1    1   0.333333  -0.777778  -0.851852   0.209877  1   0.8112   1  -1          1   1           1           1           1          1  -1         1         -1         1
1   0    -1    -0   1    1  -0.333333  -0.777778   0.851852   0.209877  1  -0.4848   1  -1          1  -0.614035   -0.245922    0.916044   -0.879045   1  -1         1         -1         1
1   0.5  -0.5  -1  -0.5  1  -0.666667  -0.111111   0.814815  -0.975309  1  -0.9008   1  -0.576471   1   0.0350877  -0.997538   -0.10509     0.990163   1  -1         1         -1         1
1   0    -1    -0   1    1   0         -1         -0          1         1   0.5328   1  -1          1   0.807018    0.302555   -0.318684   -0.816921   1  -1         1         -1         1
1   0    -1    -0   1    1  -0.666667  -0.111111   0.814815  -0.975309  1  -0.856    1  -1          1   0.157895   -0.950139   -0.457938    0.805526   1  -1         1         -1         1
1   0.5  -0.5  -1  -0.5  1   0.333333  -0.777778  -0.851852   0.209877  1  -0.024    1  -1          1   0.421053   -0.645429   -0.964572   -0.166842   1  -1         1         -1         1
1   0.5  -0.5  -1  -0.5  1  -0.333333  -0.777778   0.851852   0.209877  1  -0.6896   1  -1          1  -0.0701754  -0.990151    0.209144    0.960797   1  -1         1         -1         1
1   1     1     1   1    1   0.333333  -0.777778  -0.851852   0.209877  1  -0.104    1  -0.308235   1  -0.0701754  -0.990151    0.209144    0.960797   1  -1         1         -1         1
1   0    -1    -0   1    1  -0.333333  -0.777778   0.851852   0.209877  1  -0.728    1  -1          1  -0.0350877  -0.997538    0.10509     0.990163   1  -1         1         -1         1
1   0.5  -0.5  -1  -0.5  1   0         -1         -0          1         1  -0.44     1   0.776471   1   0.157895   -0.950139   -0.457938    0.805526   1  -1         1         -1         1
1   0.5  -0.5  -1  -0.5  1  -0.333333  -0.777778   0.851852   0.209877  1  -0.8496   1  -0.517647   1  -0.122807   -0.969837    0.361013    0.881167   1  -1         1         -1         1
1   0    -1    -0   1    1  -0.333333  -0.777778   0.851852   0.209877  1  -0.856    1   0.164706   1   0.421053   -0.645429   -0.964572   -0.166842   1  -1         1         -1         1
1   0    -1    -0   1    1   0         -1         -0          1         1  -0.1264   1  -0.294118   1  -0.526316   -0.445983    0.995772   -0.602198   1  -1         1         -1         1
1   0    -1    -0   1    1   0.333333  -0.777778  -0.851852   0.209877  1   0.3216   1  -1          1   0.666667   -0.111111   -0.814815   -0.975309   1  -1         1         -1         1
1   0    -1    -0   1    1  -0.333333  -0.777778   0.851852   0.209877  1  -0.0496   1  -1          1   0.894737    0.601108    0.18093    -0.277338   1  -1         1         -1         1
1   0    -1    -0   1    1   0         -1         -0          1         1   0.0592   1  -1          1   0.807018    0.302555   -0.318684   -0.816921   1  -1         1         -1         1
1   0.5  -0.5  -1  -0.5  1   0         -1         -0          1         1   0.5904   1  -1          1   0.192982   -0.925516   -0.550199    0.713158   1  -1         1         -1         1
1   0    -1    -0   1    1   0         -1         -0          1         1  -0.3056   1  -1          1   0.596491   -0.288396   -0.940543   -0.833655   1  -1         1         -1         1
1   0.5  -0.5  -1  -0.5  1   0         -1         -0          1         1  -0.472    1  -0.341176   1   0.0350877  -0.997538   -0.10509     0.990163   1  -1         1         -1         1
1   0    -1    -0   1    1  -0.333333  -0.777778   0.851852   0.209877  1  -0.6832   1  -1          1  -0.0526316  -0.99446     0.157312    0.977901   1  -1         1         -1         1
1   1     1     1   1    1   0         -1         -0          1         1   0.12256  1  -1          1   0.280702   -0.842413   -0.753635    0.419319   1  -1         1         -1         1
1   0    -1    -0   1    1   0         -1         -0          1         1  -0.504    1  -1          1   1           1           1           1          1  -1         1         -1         1
1   0    -1    -0   1    1  -0.333333  -0.777778   0.851852   0.209877  1  -0.7792   1  -0.352941   1   0.385965   -0.702062   -0.927908   -0.0142174  1  -1         1         -1         1
1   1     1     1   1    1  -0.333333  -0.777778   0.851852   0.209877  1  -0.3568   1   0.176471   1  -0.561404   -0.369652    0.976452   -0.726715   1  -1         1         -1         1
1   0    -1    -0   1    1   0.666667  -0.111111  -0.814815  -0.975309  1   0.2512   1  -1          1   0.561404   -0.369652   -0.976452   -0.726715   1  -1         1         -1         1
1   0    -1    -0   1    1  -0.333333  -0.777778   0.851852   0.209877  1  -0.056    1  -1          1   0.842105    0.418283   -0.137629   -0.650079   1  -1         1         -1         1
1   0.5  -0.5  -1  -0.5  1  -0.333333  -0.777778   0.851852   0.209877  1  -0.8496   1  -1          1   0.192982   -0.925516   -0.550199    0.713158   1  -1         1         -1         1
1   0    -1    -0   1    1   0         -1         -0          1         1  -0.4656   1   0.882353   1   0.140351   -0.960603   -0.409994    0.845517   1  -1         1         -1         1
1   0.5  -0.5  -1  -0.5  1   1          1          1          1         1   0.4752   1   1          1   0.280702   -0.842413   -0.753635    0.419319   1  -1         1         -1         1
1   0.5  -0.5  -1  -0.5  1  -0.333333  -0.777778   0.851852   0.209877  1  -0.6832   1  -1          1   0.263158   -0.861496   -0.716577    0.48435    1  -1         1         -1         1
1   1     1     1   1    1  -0.333333  -0.777778   0.851852   0.209877  1  -0.0496   1  -0.411765   1  -0.719298    0.0347799   0.669264   -0.997581   1  -1         1         -1         1
1   0    -1    -0   1    1   0         -1         -0          1         1   0.0336   1  -1          1   0.842105    0.418283   -0.137629   -0.650079   1  -1         1         -1         1
1   1     1     1   1    1  -0.333333  -0.777778   0.851852   0.209877  1  -0.792    1  -0.176471   1   0.140351   -0.960603   -0.409994    0.845517   1  -1         1         -1         1
1   0.5  -0.5  -1  -0.5  1   0.666667  -0.111111  -0.814815  -0.975309  1   0.04     1   0.223529   1   0.508772   -0.482302   -0.999536   -0.534769   1  -1         1         -1         1
1   0    -1    -0   1    1  -0.333333  -0.777778   0.851852   0.209877  1  -0.9264   1   0.0352941  1  -0.0175439  -0.999384    0.05261     0.997538   1  -1         1         -1         1
1   0    -1    -0   1    1  -0.333333  -0.777778   0.851852   0.209877  1  -0.824    1  -1          1  -0.280702   -0.842413    0.753635    0.419319   1  -1         1         -1         1
1   0.5  -0.5  -1  -0.5  1  -0.333333  -0.777778   0.851852   0.209877  1  -0.9072   1  -0.411765   1  -0.0175439  -0.999384    0.05261     0.997538   1  -1         1         -1         1
1   0    -1    -0   1    1   0.666667  -0.111111  -0.814815  -0.975309  1   0.7184   1  -1          1   0.789474    0.246537   -0.400204   -0.878439   1  -1         1         -1         1
1   0    -1    -0   1    1   0         -1         -0          1         1   0.0144   1  -1          1   0.807018    0.302555   -0.318684   -0.816921   1  -1         1         -1         1
1   0    -1    -0   1    1  -0.333333  -0.777778   0.851852   0.209877  1  -0.2736   1  -1          1   0.614035   -0.245922   -0.916044   -0.879045   1  -1         1         -1         1
1   0    -1    -0   1    1  -0.333333  -0.777778   0.851852   0.209877  1  -0.8432   1   0.188235   1  -0.157895   -0.950139    0.457938    0.805526   1  -1         1         -1         1
1   0    -1    -0   1    1   0         -1         -0          1         1  -0.4144   1  -1          1   0.122807   -0.969837   -0.361013    0.881167   1  -1         1         -1         1
1   0    -1    -0   1    1  -0.666667  -0.111111   0.814815  -0.975309  1  -0.8752   1  -1          1  -0.0877193  -0.984611    0.260458    0.938916   1  -1         1         -1         1
1   0    -1    -0   1    1   0.333333  -0.777778  -0.851852   0.209877  1  -0.2736   1  -0.717647   1  -0.561404   -0.369652    0.976452   -0.726715   1  -1         1         -1         1
1   1     1     1   1    1  -0.333333  -0.777778   0.851852   0.209877  1   0.2128   1  -1          1   0.0701754  -0.990151   -0.209144    0.960797   1  -1         1         -1         1
1   0    -1    -0   1    1   0.333333  -0.777778  -0.851852   0.209877  1  -0.2224   1  -0.0705882  1   0.859649    0.477993   -0.0378362  -0.543045   1  -1         1         -1         1
1   0.5  -0.5  -1  -0.5  1  -0.333333  -0.777778   0.851852   0.209877  1  -0.4592   1  -1          1   0.385965   -0.702062   -0.927908   -0.0142174  1  -1         1         -1         1
1   0    -1    -0   1    1  -0.333333  -0.777778   0.851852   0.209877  1  -1        1  -0.688235   1   0.859649    0.477993   -0.0378362  -0.543045   1  -1         1         -1         1
1   0    -1    -0   1    1  -0.333333  -0.777778   0.851852   0.209877  1  -0.2224   1  -1          1   0.54386    -0.408433   -0.988121   -0.666364   1  -1         1         -1         1
1   0.5  -0.5  -1  -0.5  1   0.666667  -0.111111  -0.814815  -0.975309  1   0.7632   1  -1          1   0.77193     0.191751   -0.475893   -0.926463   1  -1         1         -1         1
1   0    -1    -0   1    1  -0.333333  -0.777778   0.851852   0.209877  1  -0.7216   1  -1          1   0.0877193  -0.984611   -0.260458    0.938916   1  -1         1         -1         1
1   0    -1    -0   1    1   0         -1         -0          1         1  -0.664    1  -0.658824   1  -0.315789   -0.800554    0.821403    0.281773   1  -1         1         -1         1
1   0    -1    -0   1    1   0         -1         -0          1         1  -0.664    1  -0.658824   1  -0.315789   -0.800554    0.821403    0.281773   1  -1         1         -1         1
1   0    -1    -0   1    1  -0.333333  -0.777778   0.851852   0.209877  1   0.04     1   0.0705882  1  -0.192982   -0.925516    0.550199    0.713158   1   0.989011  0.956285   0.902543  0.828964
1   0    -1    -0   1    1  -0.333333  -0.777778   0.851852   0.209877  1  -0.2352   1  -1          1   0.175439   -0.938443   -0.504717    0.761349   1  -1         1         -1         1
1   0.5  -0.5  -1  -0.5  1  -0.333333  -0.777778   0.851852   0.209877  1  -0.7472   1  -1          1   0.315789   -0.800554   -0.821403    0.281773   1  -1         1         -1         1
-  ----  ----  --  ----  -  ---------  ---------  ---------  ---------  -  --------  -  ----------  -  ----------  ----------  ----------  ----------  -  ---------  --------  ---------  --------

matrix Lambda:
-----------  -----------
-0.0101039   -0.0101039
-0.171867    -0.171867
 0.200584     0.200584
-0.188083    -0.188083
 0.140554     0.140554
-0.0101039   -0.0101039
 0.358512     0.358512
-0.226911    -0.226911
 0.101756     0.101756
-0.107411    -0.107411
-0.0101039   -0.0101039
-0.0620258   -0.0620258
-0.0101039   -0.0101039
 0.00375789   0.00375789
-0.0101039   -0.0101039
-0.0437006   -0.0437006
 0.0215355    0.0215355
 0.0352087    0.0352087
 0.0213625    0.0213625
-0.0101039   -0.0101039
-0.0387194   -0.0387194
 0.0361915    0.0361915
 0.0528539    0.0528539
 0.17103      0.17103
-----------  -----------

matrix Psi1:
----------  ---------  -----------  -----------  ------------  --------
-0.0701339   0.111017   0.0354478   -0.0138618   -0.00520058   0.182983
-0.0701339   0.111017  -0.0038517   -0.0120934    0.00388202   0.175692
-0.0701339  -0.036228   0.0517234   -0.0138618    0.0247939    0.182983
-0.0289165   0.111017   0.0406084   -0.00983863  -0.0332974    0.182983
-0.0701339   0.109396   0.0155996   -0.0138618   -0.090633     0.182983
-0.0701339   0.115842  -0.0721297   -0.00709758  -0.0762554    0.182983
-0.0701339   0.111017   0.0142102   -0.0138618   -0.0911541    0.182983
-0.0701339   0.111017   0.0402114   -0.0138618   -0.0272267    0.182983
-0.0701339   0.111017   0.0406084   -0.0106344   -0.0184685    0.182983
-0.0701339   0.111017   0.00726332  -0.0138618   -0.0675273    0.182983
-0.0701339   0.109396   0.00845421  -0.006346    -0.0332974    0.182983
-0.0785231   0.111017   0.0481507   -0.0125355    0.0184202    0.182983
-0.0785231   0.111017   0.0255237   -0.0138618    0.0254873    0.182983
-0.0785231   0.111017   0.0279055   -0.0138618   -0.0697357    0.182983
-0.0701339   0.111017   0.010439    -0.0138618    0.041286     0.182983
-0.0701339   0.176662   0.00369063  -0.00957337  -0.0750642    0.182983
-0.0701339   0.111017   0.00726332  -0.0138618   -0.0922076    0.182983
-0.0785231   0.111017   0.0187753   -0.0138618    0.0243319    0.182983
-0.0785231   0.111017   0.0346539   -0.0138618    0.0247567    0.182983
-0.0785231   0.111017   0.0326691   -0.0138618   -0.0457299    0.182983
-0.0785231   0.111017   0.0481507   -0.0105018    0.0113878    0.182983
-0.0701339   0.176662  -0.0102031   -0.0106786   -0.0426058    0.182983
-0.0701339   0.109396  -0.00782135  -0.0138618   -0.0911541    0.182983
-0.0701339   0.111017   0.0398144   -0.0138618   -0.087831     0.182983
-0.0785231   0.109396  -0.0149667   -0.0138618   -0.087831     0.182983
-0.0289165  -0.036228   0.0144087   -0.0138618    0.0195134    0.182983
-0.0701339   0.109396   0.0128208   -0.0107671    0.024386     0.182983
-0.0289165   0.109396   0.0267146   -0.0138618    0.0266629    0.182983
-0.0701339   0.111017   0.0509295   -0.0106344    0.00966595   0.182983
-0.0701339   0.109396  -0.0197303   -0.0138618   -0.0566295    0.182983
-0.0701339   0.109396  -0.00980617  -0.0138618   -0.0675273    0.182983
-0.0701339   0.111017   0.0350509   -0.0138618   -0.0566295    0.182983
-0.0785231   0.111017   0.022348    -0.0102365    0.025488     0.182983
-0.0785231   0.109396   0.0390205   -0.0138618    0.025488     0.182983
-0.0701339   0.111017   0.0314782   -0.0104134   -0.0799293    0.182983
-0.0701339   0.109396   0.022348    -0.0103692    0.0254104    0.211252
 0.690985   -0.804694   0.0453719   -0.0106344    0.0247939    0.182983
-0.0785231   0.109396  -0.011394    -0.0138618    0.0325814    0.182983
-0.282823    0.111017   0.0469598   -0.0124028   -0.0457299    0.182983
-0.0701339   0.109396  -0.0217151   -0.0138618   -0.0897253    0.182983
-0.0701339   0.176662  -0.0197303   -0.0138618   -0.0798611    0.182983
-0.0701339   0.109396  -0.0209212   -0.00669969  -0.0861201    0.182983
-0.0701339   0.176662  -0.0604192   -0.0138618    0.0243023    0.182983
-0.0701339   0.111017   0.0199662   -0.0138618    0.0249079    0.182983
-0.0785231  -0.036228   0.0457689   -0.0122702   -0.0156675    0.182983
-0.0701339   0.109396  -0.0431512   -0.0138618   -0.0675273    0.182983
-0.0701339  -0.036228   0.0429902   -0.0138618   -0.0363811    0.182983
-0.0785231   0.176662  -0.00861528  -0.0138618   -0.0799293    0.182983
-0.0785231   0.111017   0.0326691   -0.0138618   -0.000471879  0.182983
-0.0289165   0.176662  -0.00365322  -0.0112622   -0.000471879  0.182983
-0.0701339   0.111017   0.0350509   -0.0138618   -0.00520058   0.182983
-0.0785231   0.109396   0.0171874   -0.007186    -0.0363811    0.182983
-0.0785231   0.111017   0.0425932   -0.0120492    0.00591162   0.182983
-0.0701339   0.111017   0.0429902   -0.00948495  -0.0799293    0.182983
-0.0701339   0.109396  -0.00226384  -0.0112092    0.0254873    0.182983
-0.0701339   0.176662  -0.0300514   -0.0138618   -0.0911541    0.182983
-0.0701339   0.111017  -0.00702742  -0.0138618   -0.0358135    0.182983
-0.0701339   0.109396  -0.0137758   -0.0138618   -0.0675273    0.182983
-0.0785231   0.109396  -0.0467239   -0.0138618   -0.0426058    0.182983
-0.0701339   0.109396   0.00885118  -0.0138618   -0.093306     0.182983
-0.0785231   0.109396   0.0191723   -0.011386    -0.0156675    0.182983
-0.0701339   0.111017   0.0322721   -0.0138618   -0.00279093   0.182983
-0.0289165   0.109396  -0.0177058   -0.0138618   -0.0580894    0.182983
-0.0701339   0.109396   0.0211571   -0.0138618    0.0243023    0.182983
-0.0701339   0.111017   0.0382266   -0.0114302   -0.0750642    0.182983
-0.0289165   0.111017   0.0120269   -0.00944074   0.0253243    0.182983
-0.0701339   0.275963  -0.0256848   -0.0138618   -0.0925023    0.182983
-0.0701339   0.111017  -0.00663045  -0.0138618   -0.0566295    0.182983
-0.0785231   0.111017   0.0425932   -0.0138618   -0.0426058    0.182983
-0.0701339   0.109396   0.0187753   -0.00678811  -0.0332974    0.182983
-0.0785231   0.115842  -0.0395785   -0.006346    -0.0580894    0.182983
-0.0785231   0.111017   0.0322721   -0.0138618   -0.0550396    0.182983
-0.0289165   0.111017  -0.00702742  -0.0116513    0.0243319    0.182983
-0.0701339   0.109396  -0.012188    -0.0138618   -0.0566295    0.182983
-0.0289165   0.111017   0.0390205   -0.0107671   -0.0332974    0.182983
-0.0785231   0.275963  -0.0125849   -0.00926389  -0.0893406    0.182983
-0.0701339   0.111017   0.0473568   -0.00997126  -0.00769724   0.182983
-0.0701339   0.111017   0.0410053   -0.0138618    0.0195134    0.182983
-0.0785231   0.111017   0.0461659   -0.0116513   -0.00769724   0.182983
-0.0701339   0.275963  -0.0546632   -0.0138618   -0.0721514    0.182983
-0.0701339   0.109396  -0.0109971   -0.0138618   -0.0675273    0.182983
-0.0701339   0.111017   0.00686635  -0.0138618   -0.093265     0.182983
-0.0701339   0.111017   0.0421962   -0.00939653   0.00966595   0.182983
-0.0701339   0.109396   0.0155996   -0.0138618   -0.0302434    0.182983
-0.0701339  -0.036228   0.044181    -0.0138618    0.00175338   0.182983
-0.0701339   0.176662   0.00686635  -0.0128007    0.0253243    0.182983
-0.0289165   0.111017  -0.023303    -0.0138618   -0.0213327    0.182983
-0.0701339   0.176662   0.00369063  -0.0103692   -0.0503102    0.182983
-0.0785231   0.111017   0.0183783   -0.0138618   -0.0750642    0.182983
-0.0701339   0.111017   0.0519219   -0.0126902   -0.0503102    0.182983
-0.0701339   0.111017   0.00369063  -0.0138618   -0.0916924    0.182983
-0.0785231   0.275963  -0.057442    -0.0138618   -0.0762554    0.182983
-0.0701339   0.111017   0.0346539   -0.0138618   -0.0242542    0.182983
-0.0701339   0.109396   0.0310812   -0.0125797    0.0213958    0.182983
-0.0701339   0.109396   0.0310812   -0.0125797    0.0213958    0.182983
-0.0701339   0.111017  -0.0125849   -0.00983863   0.0130047    0.175692
-0.0701339   0.111017   0.00448456  -0.0138618   -0.0394866    0.182983
-0.0785231   0.111017   0.0362418   -0.0138618   -0.0640456    0.182983
----------  ---------  -----------  -----------  ------------  --------

matrix Psi2:
----------  ---------  -----------  -----------  ------------  --------
-0.0701339   0.111017   0.0354478   -0.0138618   -0.00520058   0.182983
-0.0701339   0.111017  -0.0038517   -0.0120934    0.00388202   0.175692
-0.0701339  -0.036228   0.0517234   -0.0138618    0.0247939    0.182983
-0.0289165   0.111017   0.0406084   -0.00983863  -0.0332974    0.182983
-0.0701339   0.109396   0.0155996   -0.0138618   -0.090633     0.182983
-0.0701339   0.115842  -0.0721297   -0.00709758  -0.0762554    0.182983
-0.0701339   0.111017   0.0142102   -0.0138618   -0.0911541    0.182983
-0.0701339   0.111017   0.0402114   -0.0138618   -0.0272267    0.182983
-0.0701339   0.111017   0.0406084   -0.0106344   -0.0184685    0.182983
-0.0701339   0.111017   0.00726332  -0.0138618   -0.0675273    0.182983
-0.0701339   0.109396   0.00845421  -0.006346    -0.0332974    0.182983
-0.0785231   0.111017   0.0481507   -0.0125355    0.0184202    0.182983
-0.0785231   0.111017   0.0255237   -0.0138618    0.0254873    0.182983
-0.0785231   0.111017   0.0279055   -0.0138618   -0.0697357    0.182983
-0.0701339   0.111017   0.010439    -0.0138618    0.041286     0.182983
-0.0701339   0.176662   0.00369063  -0.00957337  -0.0750642    0.182983
-0.0701339   0.111017   0.00726332  -0.0138618   -0.0922076    0.182983
-0.0785231   0.111017   0.0187753   -0.0138618    0.0243319    0.182983
-0.0785231   0.111017   0.0346539   -0.0138618    0.0247567    0.182983
-0.0785231   0.111017   0.0326691   -0.0138618   -0.0457299    0.182983
-0.0785231   0.111017   0.0481507   -0.0105018    0.0113878    0.182983
-0.0701339   0.176662  -0.0102031   -0.0106786   -0.0426058    0.182983
-0.0701339   0.109396  -0.00782135  -0.0138618   -0.0911541    0.182983
-0.0701339   0.111017   0.0398144   -0.0138618   -0.087831     0.182983
-0.0785231   0.109396  -0.0149667   -0.0138618   -0.087831     0.182983
-0.0289165  -0.036228   0.0144087   -0.0138618    0.0195134    0.182983
-0.0701339   0.109396   0.0128208   -0.0107671    0.024386     0.182983
-0.0289165   0.109396   0.0267146   -0.0138618    0.0266629    0.182983
-0.0701339   0.111017   0.0509295   -0.0106344    0.00966595   0.182983
-0.0701339   0.109396  -0.0197303   -0.0138618   -0.0566295    0.182983
-0.0701339   0.109396  -0.00980617  -0.0138618   -0.0675273    0.182983
-0.0701339   0.111017   0.0350509   -0.0138618   -0.0566295    0.182983
-0.0785231   0.111017   0.022348    -0.0102365    0.025488     0.182983
-0.0785231   0.109396   0.0390205   -0.0138618    0.025488     0.182983
-0.0701339   0.111017   0.0314782   -0.0104134   -0.0799293    0.182983
-0.0701339   0.109396   0.022348    -0.0103692    0.0254104    0.211252
 0.690985   -0.804694   0.0453719   -0.0106344    0.0247939    0.182983
-0.0785231   0.109396  -0.011394    -0.0138618    0.0325814    0.182983
-0.282823    0.111017   0.0469598   -0.0124028   -0.0457299    0.182983
-0.0701339   0.109396  -0.0217151   -0.0138618   -0.0897253    0.182983
-0.0701339   0.176662  -0.0197303   -0.0138618   -0.0798611    0.182983
-0.0701339   0.109396  -0.0209212   -0.00669969  -0.0861201    0.182983
-0.0701339   0.176662  -0.0604192   -0.0138618    0.0243023    0.182983
-0.0701339   0.111017   0.0199662   -0.0138618    0.0249079    0.182983
-0.0785231  -0.036228   0.0457689   -0.0122702   -0.0156675    0.182983
-0.0701339   0.109396  -0.0431512   -0.0138618   -0.0675273    0.182983
-0.0701339  -0.036228   0.0429902   -0.0138618   -0.0363811    0.182983
-0.0785231   0.176662  -0.00861528  -0.0138618   -0.0799293    0.182983
-0.0785231   0.111017   0.0326691   -0.0138618   -0.000471879  0.182983
-0.0289165   0.176662  -0.00365322  -0.0112622   -0.000471879  0.182983
-0.0701339   0.111017   0.0350509   -0.0138618   -0.00520058   0.182983
-0.0785231   0.109396   0.0171874   -0.007186    -0.0363811    0.182983
-0.0785231   0.111017   0.0425932   -0.0120492    0.00591162   0.182983
-0.0701339   0.111017   0.0429902   -0.00948495  -0.0799293    0.182983
-0.0701339   0.109396  -0.00226384  -0.0112092    0.0254873    0.182983
-0.0701339   0.176662  -0.0300514   -0.0138618   -0.0911541    0.182983
-0.0701339   0.111017  -0.00702742  -0.0138618   -0.0358135    0.182983
-0.0701339   0.109396  -0.0137758   -0.0138618   -0.0675273    0.182983
-0.0785231   0.109396  -0.0467239   -0.0138618   -0.0426058    0.182983
-0.0701339   0.109396   0.00885118  -0.0138618   -0.093306     0.182983
-0.0785231   0.109396   0.0191723   -0.011386    -0.0156675    0.182983
-0.0701339   0.111017   0.0322721   -0.0138618   -0.00279093   0.182983
-0.0289165   0.109396  -0.0177058   -0.0138618   -0.0580894    0.182983
-0.0701339   0.109396   0.0211571   -0.0138618    0.0243023    0.182983
-0.0701339   0.111017   0.0382266   -0.0114302   -0.0750642    0.182983
-0.0289165   0.111017   0.0120269   -0.00944074   0.0253243    0.182983
-0.0701339   0.275963  -0.0256848   -0.0138618   -0.0925023    0.182983
-0.0701339   0.111017  -0.00663045  -0.0138618   -0.0566295    0.182983
-0.0785231   0.111017   0.0425932   -0.0138618   -0.0426058    0.182983
-0.0701339   0.109396   0.0187753   -0.00678811  -0.0332974    0.182983
-0.0785231   0.115842  -0.0395785   -0.006346    -0.0580894    0.182983
-0.0785231   0.111017   0.0322721   -0.0138618   -0.0550396    0.182983
-0.0289165   0.111017  -0.00702742  -0.0116513    0.0243319    0.182983
-0.0701339   0.109396  -0.012188    -0.0138618   -0.0566295    0.182983
-0.0289165   0.111017   0.0390205   -0.0107671   -0.0332974    0.182983
-0.0785231   0.275963  -0.0125849   -0.00926389  -0.0893406    0.182983
-0.0701339   0.111017   0.0473568   -0.00997126  -0.00769724   0.182983
-0.0701339   0.111017   0.0410053   -0.0138618    0.0195134    0.182983
-0.0785231   0.111017   0.0461659   -0.0116513   -0.00769724   0.182983
-0.0701339   0.275963  -0.0546632   -0.0138618   -0.0721514    0.182983
-0.0701339   0.109396  -0.0109971   -0.0138618   -0.0675273    0.182983
-0.0701339   0.111017   0.00686635  -0.0138618   -0.093265     0.182983
-0.0701339   0.111017   0.0421962   -0.00939653   0.00966595   0.182983
-0.0701339   0.109396   0.0155996   -0.0138618   -0.0302434    0.182983
-0.0701339  -0.036228   0.044181    -0.0138618    0.00175338   0.182983
-0.0701339   0.176662   0.00686635  -0.0128007    0.0253243    0.182983
-0.0289165   0.111017  -0.023303    -0.0138618   -0.0213327    0.182983
-0.0701339   0.176662   0.00369063  -0.0103692   -0.0503102    0.182983
-0.0785231   0.111017   0.0183783   -0.0138618   -0.0750642    0.182983
-0.0701339   0.111017   0.0519219   -0.0126902   -0.0503102    0.182983
-0.0701339   0.111017   0.00369063  -0.0138618   -0.0916924    0.182983
-0.0785231   0.275963  -0.057442    -0.0138618   -0.0762554    0.182983
-0.0701339   0.111017   0.0346539   -0.0138618   -0.0242542    0.182983
-0.0701339   0.109396   0.0310812   -0.0125797    0.0213958    0.182983
-0.0701339   0.109396   0.0310812   -0.0125797    0.0213958    0.182983
-0.0701339   0.111017  -0.0125849   -0.00983863   0.0130047    0.175692
-0.0701339   0.111017   0.00448456  -0.0138618   -0.0394866    0.182983
-0.0785231   0.111017   0.0362418   -0.0138618   -0.0640456    0.182983
----------  ---------  -----------  -----------  ------------  --------

matrix a:
---------  ----------
  1.29407   0.480132
  2.68517   0.422039
  2.12117  -0.880331
-27.4617   -1.74878
  2.09084  -0.256031
  2.43218   0.0140193
---------  ----------

matrix F1:
----------  ---------  --------
 0.20734    0.455859   0.434175
 0.20734    0.323935   0.435432
-0.188036   0.490383   0.496888
 0.260678   0.356323   0.375429
 0.202988   0.413758   0.25555
 0.220296   0.0419126  0.285611
 0.20734    0.410811   0.25446
 0.20734    0.465964   0.388122
 0.20734    0.378177   0.406434
 0.20734    0.396075   0.30386
 0.202988   0.192205   0.375429
 0.196483   0.446381   0.483562
 0.196483   0.434809   0.498338
 0.196483   0.439861   0.299242
 0.20734    0.402812   0.53137
 0.383609   0.27073    0.288101
 0.20734    0.396075   0.252257
 0.196483   0.420494   0.495922
 0.196483   0.454175   0.49681
 0.196483   0.449965   0.349435
 0.196483   0.390533   0.468858
 0.383609   0.271611   0.355967
 0.202988   0.364078   0.25446
 0.20734    0.465122   0.261408
 0.192132   0.348922   0.261408
-0.134698   0.411232   0.485847
 0.202988   0.322877   0.496035
 0.256326   0.437335   0.500796
 0.20734    0.40007    0.465258
 0.202988   0.338817   0.326645
 0.202988   0.359868   0.30386
 0.20734    0.455017   0.326645
 0.196483   0.328517   0.498339
 0.192132   0.463438   0.498339
 0.20734    0.35274    0.277929
 0.202988   0.332159   0.566933
-1.26655    0.388281   0.496888
 0.192132   0.3565     0.513171
-0.0678952  0.440213   0.349435
 0.202988   0.334607   0.257447
 0.383609   0.338817   0.278072
 0.202988   0.139608   0.264985
 0.383609   0.252509   0.49586
 0.20734    0.42302    0.497126
-0.198893   0.434045   0.41229
 0.202988   0.289138   0.30386
-0.188036   0.471858   0.368981
 0.372753   0.362394   0.277929
 0.196483   0.449965   0.444062
 0.436947   0.301531   0.444062
 0.20734    0.455017   0.434175
 0.192132   0.233797   0.368981
 0.196483   0.421238   0.457408
 0.20734    0.351662   0.277929
 0.202988   0.303021   0.498338
 0.383609   0.316925   0.25446
 0.20734    0.365762   0.370168
 0.202988   0.351448   0.30386
 0.192132   0.281559   0.355967
 0.202988   0.399443   0.249961
 0.192132   0.353347   0.41229
 0.20734    0.449123   0.439213
 0.256326   0.343112   0.323593
 0.202988   0.425546   0.49586
 0.20734    0.394978   0.288101
 0.260678   0.28477    0.497997
 0.650248   0.326187   0.251641
 0.20734    0.366604   0.326645
 0.196483   0.471016   0.355967
 0.202988   0.226239   0.375429
 0.209439   0.0903194  0.323593
 0.196483   0.449123   0.329969
 0.260678   0.305057   0.495922
 0.202988   0.354816   0.326645
 0.260678   0.378451   0.375429
 0.639392   0.227708   0.258252
 0.20734    0.37428    0.428955
 0.20734    0.467648   0.485847
 0.196483   0.417889   0.428955
 0.650248   0.264719   0.294192
 0.202988   0.357342   0.30386
 0.20734    0.395233   0.250046
 0.20734    0.34755    0.465258
 0.202988   0.413758   0.381814
-0.188036   0.474384   0.448714
 0.383609   0.366095   0.497997
 0.260678   0.331239   0.400445
 0.383609   0.292583   0.339858
 0.196483   0.419652   0.288101
 0.20734    0.45863    0.339858
 0.20734    0.388497   0.253335
 0.639392   0.258824   0.285611
 0.20734    0.454175   0.394337
 0.202988   0.411388   0.489783
 0.202988   0.411388   0.489783
 0.20734    0.243491   0.454506
 0.20734    0.390181   0.362488
 0.196483   0.457543   0.311139
----------  ---------  --------

matrix F2:
-----------  ------------  ------------
 0.0131797   -0.00696455    0.00389681
 0.0131797    0.0245394     0.00146917
-0.0489631   -0.0212924    -0.00378269
 0.0329695   -0.0185432     0.0110905
 0.0124958    0.0105085     0.0257702
 0.0152161    0.0759101     0.022089
 0.0131797    0.0117316     0.0259036
 0.0131797   -0.0111581     0.00953617
 0.0131797   -0.0171515     0.0072938
 0.0131797    0.0178471     0.0198544
 0.0124958    0.00365528    0.0110905
 0.00915179  -0.0204667    -0.00215083
 0.00915179   0.00177196   -0.00396024
 0.00915179  -0.000324807   0.0204198
 0.0131797    0.0150515    -0.00800519
 0.0408847    0.0134928     0.0217841
 0.0131797    0.0178471     0.0261733
 0.00915179   0.00771278   -0.00366443
 0.00915179  -0.00626563   -0.00377317
 0.00915179  -0.00451833    0.0142736
 0.00915179  -0.0240232    -0.000350317
 0.0408847    0.0276567     0.0134737
 0.0124958    0.0311266     0.0259036
 0.0131797   -0.0108086     0.0250528
 0.00846785   0.0374169     0.0250528
-0.0291733    0.0115568    -0.00243072
 0.0124958    0.00754267   -0.00367827
 0.0322856    0.000723574  -0.00426123
 0.0131797   -0.0262375     9.05214e-05
 0.0124958    0.0416104     0.0170642
 0.0124958    0.0328739     0.0198544
 0.0131797   -0.00661509    0.0170642
 0.00915179  -0.00177215   -0.00396041
 0.00846785  -0.0101097    -0.00396041
 0.0131797   -0.00950049    0.0230297
 0.0124958   -0.00154021   -0.00354424
-0.00784762  -0.021345     -0.00378269
 0.00846785   0.0342718    -0.00577655
-0.0889391   -0.0196503     0.0142736
 0.0124958    0.0433577     0.0255378
 0.0408847    0.0416104     0.0230122
 0.0124958    0.0301339     0.0246147
 0.0408847    0.0774301    -0.00365685
 0.0131797    0.0066644    -0.00381188
-0.0529911   -0.0188338     0.00657667
 0.0124958    0.0622286     0.0198544
-0.0489631   -0.0136043     0.01188
 0.0368568    0.0318255     0.0230297
 0.00915179  -0.00451833    0.00268612
 0.0606745    0.0229112     0.00268612
 0.0131797   -0.00661509    0.00389681
 0.00846785  -0.00256387    0.01188
 0.00915179  -0.0164247     0.00105175
 0.0131797   -0.0212584     0.0230297
 0.0124958    0.0215953    -0.00396024
 0.0408847    0.0506964     0.0259036
 0.0131797    0.0304277     0.0117347
 0.0124958    0.0363685     0.0198544
 0.00846785   0.0653737     0.0134737
 0.0124958    0.0164493     0.0264545
 0.00846785   0.00303371    0.00657667
 0.0131797   -0.00416887    0.00327987
 0.0322856    0.0398282     0.017438
 0.0124958    0.00561602   -0.00365685
 0.0131797   -0.0136631     0.0217841
 0.0329695    0.00592215   -0.00391849
 0.0827934    0.0468523     0.0262488
 0.0131797    0.0300782     0.0170642
 0.00915179  -0.0132548     0.0134737
 0.0124958   -0.00465755    0.0110905
 0.0111881    0.04594       0.017438
 0.00915179  -0.00416887    0.0166572
 0.0329695    0.026562     -0.00366443
 0.0124958    0.0349707     0.0170642
 0.0329695   -0.0155217     0.0110905
 0.0787655    0.0272794     0.0254393
 0.0131797   -0.024252      0.00453604
 0.0131797   -0.011857     -0.00243072
 0.00915179  -0.0202657     0.00453604
 0.0827934    0.072363      0.0210383
 0.0124958    0.0339223     0.0198544
 0.0131797    0.0181966     0.026444
 0.0131797   -0.0207142     9.05214e-05
 0.0124958    0.0105085     0.0103086
-0.0489631   -0.0146527     0.00211639
 0.0408847    0.016341     -0.00391849
 0.0329695    0.0447556     0.00802713
 0.0408847    0.0148844     0.0154463
 0.00915179   0.00806224    0.0217841
 0.0131797   -0.023516      0.0154463
 0.0131797    0.0209923     0.0260414
 0.0787655    0.0748092     0.022089
 0.0131797   -0.00626563    0.00877513
 0.0124958   -0.00536261   -0.0029127
 0.0124958   -0.00536261   -0.0029127
 0.0131797    0.0282845    -0.000866523
 0.0131797    0.0202934     0.0126751
 0.00915179  -0.00766347    0.018963
-----------  ------------  ------------

matrix c:
----------  ---------
 0.219245    0.692514
-0.0167894   0.663319
 0.911094   -0.271562
----------  ---------

Y rebuilt normalized :
--------  ------------
0.433379   0.00344922
0.436739   0.0250057
0.403253  -0.0470041
0.393221   0.0075201
0.270387   0.0086258
0.307814   0.0548914
0.270398   0.00987452
0.391251  -0.000863856
0.409408  -0.00423046
0.315653   0.0155738
0.383328   0.00806639
0.476154  -0.00665413
0.489811   0.00858857
0.308331   0.00057706
0.522824   0.021285
0.342047   0.0313476
0.268639   0.0138578
0.48785    0.0124489
0.488094   0.00320629
0.353891  -0.000535498
0.463695  -0.00950215
0.403864   0.0429996
0.270229   0.022266
0.275817  -0.00484577
0.274433   0.0238801
0.406217  -0.011877
0.491018   0.0146556
0.505128   0.0239954
0.462635  -0.00830122
0.33642    0.0316205
0.315307   0.0250677
0.335423   0.000105263
0.491597   0.00623774
0.488377   0.000233655
0.292756  -0.00342867
0.555457   0.00859436
0.168507  -0.0185659
0.503685   0.0301659
0.296091  -0.0785021
0.273445   0.0304784
0.331766   0.049665
0.283587   0.0219575
0.531641   0.0806672
0.491285   0.0145829
0.324742  -0.0509759
0.316495   0.0445392
0.287029  -0.0461578
0.32886    0.0403804
0.440105   0.00261121
0.495318   0.056486
0.433393   0.00368103
0.374376   0.000937293
0.452748  -0.0048427
0.292774  -0.0112279
0.49345    0.0240535
0.310621   0.0549067
0.376575   0.0261237
0.315449   0.0273858
0.361716   0.0455688
0.265536   0.0123806
0.411827   0.00609045
0.438082   0.00547119
0.345261   0.0440415
0.489135   0.0133718
0.301314  -0.00585153
0.506094   0.0278243
0.366356   0.0812855
0.336908   0.0244446
0.359489  -0.00611338
0.382757   0.00255234
0.339226   0.0334853
0.336171  -0.000950987
0.503863   0.0414461
0.336152   0.0272163
0.39285    0.00952428
0.371652   0.0657329
0.429992  -0.00819148
0.48026    0.00192229
0.42688   -0.00833669
0.406156   0.0996222
0.31535    0.0257631
0.266638   0.0140161
0.463517  -0.0046375
0.385426   0.0128246
0.35963   -0.0442018
0.53168    0.0402167
0.416434   0.0503392
0.388835   0.0339918
0.29852    0.00576986
0.347401  -0.010666
0.269747   0.0159799
0.396057   0.09817
0.397111   0.00258807
0.483836   0.00588738
0.483836   0.00588738
0.455468   0.0281241
0.369168   0.0191461
0.318874  -0.00389519
--------  ------------

Y rebuilt :
-------  ------------
98086.8   3.80898e+07
98087.5   2.75181e+08
98080.8  -5.16829e+08
98078.9   8.28639e+07
98054.5   9.50251e+07
98061.9   6.03884e+08
98054.5   1.08759e+08
98078.5  -9.34825e+06
98082.1  -4.63764e+07
98063.5   1.71444e+08
98076.9   8.88724e+07
98095.3  -7.30334e+07
98098     9.46157e+07
98062     6.49988e+06
98104.5   2.34259e+08
98068.7   3.44934e+08
98054.2   1.5257e+08
98097.6   1.37074e+08
98097.6   3.54178e+07
98071.1  -5.73675e+06
98092.8  -1.04358e+08
98081     4.7309e+08
98054.5   2.45049e+08
98055.6  -5.31439e+07
98055.3   2.62802e+08
98081.4  -1.30478e+08
98098.2   1.61345e+08
98101     2.6407e+08
98092.6  -9.11492e+07
98067.6   3.47936e+08
98063.4   2.75864e+08
98067.4   1.31075e+06
98098.3   6.87597e+07
98097.7   2.72289e+06
98059    -3.75577e+07
98111     9.46793e+07
98034.4  -2.04047e+08
98100.7   3.31937e+08
98059.6  -8.63264e+08
98055.1   3.35375e+08
98066.7   5.46401e+08
98057.2   2.41655e+08
98106.3   8.87383e+08
98098.3   1.60546e+08
98065.3  -5.60513e+08
98063.7   4.90024e+08
98057.8  -5.0752e+08
98066.1   4.44282e+08
98088.1   2.88728e+07
98099.1   6.21422e+08
98086.8   4.06393e+07
98075.1   1.0462e+07
98090.6  -5.31101e+07
98059    -1.23339e+08
98098.7   2.64709e+08
98062.5   6.04053e+08
98075.6   2.87479e+08
98063.5   3.01359e+08
98072.6   5.01348e+08
98053.6   1.36323e+08
98082.5   6.71397e+07
98087.7   6.03287e+07
98069.4   4.8455e+08
98097.8   1.47225e+08
98060.7  -6.42059e+07
98101.2   3.06182e+08
98073.5   8.94184e+08
98067.7   2.69011e+08
98072.2  -6.70859e+07
98076.8   2.82253e+07
98068.2   3.68446e+08
98067.6  -1.03066e+07
98100.8   4.56003e+08
98067.6   2.99495e+08
98078.8   1.04907e+08
98074.6   7.23126e+08
98086.1  -8.99422e+07
98096.1   2.12956e+07
98085.5  -9.15393e+07
98081.4   1.09586e+09
98063.4   2.83513e+08
98053.8   1.54311e+08
98092.8  -5.08532e+07
98077.3   1.41206e+08
98072.2  -4.86007e+08
98106.3   4.42482e+08
98083.5   5.53816e+08
98078     3.74017e+08
98060.1   6.36137e+07
98069.8  -1.17159e+08
98054.4   1.7591e+08
98079.4   1.07989e+09
98079.6   2.86182e+07
98096.8   6.49062e+07
98096.8   6.49062e+07
98091.2   3.0948e+08
98074.1   2.10734e+08
98064.1  -4.26888e+07
-------  ------------

Error normalised (Y - F)
--------  -------
0.603943  0.90183
--------  -------

Error (Y_ - F_))
-------  -----------
119.581  9.91891e+09
-------  -----------

Solution.get_results():(Psi11)[1]=-0.010104*T0(x11) + -0.171867*T1(x11) + 0.200584*T2(x11) + -0.188083*T3(x11) + 0.140554*T4(x11)

(Psi12)[1]=-0.010104*T0(x12) + 0.358512*T1(x12) + -0.226911*T2(x12) + 0.101756*T3(x12) + -0.107411*T4(x12)

(Psi21)[1]=-0.010104*T0(x21) + -0.062026*T1(x21)

(Psi22)[1]=-0.010104*T0(x22) + 0.003758*T1(x22)

(Psi31)[1]=-0.010104*T0(x31) + -0.043701*T1(x31) + 0.021536*T2(x31) + 0.035209*T3(x31) + 0.021363*T4(x31)

(Psi32)[1]=-0.010104*T0(x32) + -0.038719*T1(x32) + 0.036191*T2(x32) + 0.052854*T3(x32) + 0.171030*T4(x32)

(Psi11)[2]=-0.010104*T0(x11) + -0.171867*T1(x11) + 0.200584*T2(x11) + -0.188083*T3(x11) + 0.140554*T4(x11)

(Psi12)[2]=-0.010104*T0(x12) + 0.358512*T1(x12) + -0.226911*T2(x12) + 0.101756*T3(x12) + -0.107411*T4(x12)

(Psi21)[2]=-0.010104*T0(x21) + -0.062026*T1(x21)

(Psi22)[2]=-0.010104*T0(x22) + 0.003758*T1(x22)

(Psi31)[2]=-0.010104*T0(x31) + -0.043701*T1(x31) + 0.021536*T2(x31) + 0.035209*T3(x31) + 0.021363*T4(x31)

(Psi32)[2]=-0.010104*T0(x32) + -0.038719*T1(x32) + 0.036191*T2(x32) + 0.052854*T3(x32) + 0.171030*T4(x32)

(Phi1)[1]=-0.013075*T0(x11) + -0.222409*T1(x11) + 0.259570*T2(x11) + -0.243394*T3(x11) + 0.181887*T4(x11) + -0.027131*T0(x12) + 0.962663*T1(x12) + -0.609294*T2(x12) + 0.273232*T3(x12) + -0.288417*T4(x12)

(Phi2)[1]=-0.021432*T0(x21) + -0.131567*T1(x21) + 0.277470*T0(x22) + -0.103198*T1(x22)

(Phi3)[1]=-0.021126*T0(x31) + -0.091371*T1(x31) + 0.045027*T2(x31) + 0.073616*T3(x31) + 0.044666*T4(x31) + -0.024575*T0(x32) + -0.094173*T1(x32) + 0.088024*T2(x32) + 0.128550*T3(x32) + 0.415976*T4(x32)

(Phi1)[2]=-0.004851*T0(x11) + -0.082519*T1(x11) + 0.096307*T2(x11) + -0.090305*T3(x11) + 0.067485*T4(x11) + -0.004264*T0(x12) + 0.151306*T1(x12) + -0.095765*T2(x12) + 0.042945*T3(x12) + -0.045332*T4(x12)

(Phi2)[2]=0.008895*T0(x21) + 0.054603*T1(x21) + 0.017670*T0(x22) + -0.006572*T1(x22)

(Phi3)[2]=0.002587*T0(x31) + 0.011189*T1(x31) + -0.005514*T2(x31) + -0.009015*T3(x31) + -0.005469*T4(x31) + -0.000142*T0(x32) + -0.000543*T1(x32) + 0.000507*T2(x32) + 0.000741*T3(x32) + 0.002398*T4(x32)

(F1)=-0.002867*T0(x11) + -0.048762*T1(x11) + 0.056910*T2(x11) + -0.053363*T3(x11) + 0.039878*T4(x11) + -0.005948*T0(x12) + 0.211059*T1(x12) + -0.133585*T2(x12) + 0.059905*T3(x12) + -0.063234*T4(x12) + 0.000360*T0(x21) + 0.002209*T1(x21) + -0.004659*T0(x22) + 0.001733*T1(x22) + -0.019247*T0(x31) + -0.083247*T1(x31) + 0.041024*T2(x31) + 0.067071*T3(x31) + 0.040695*T4(x31) + -0.022390*T0(x32) + -0.085800*T1(x32) + 0.080198*T2(x32) + 0.117121*T3(x32) + 0.378994*T4(x32)

(F2)=-0.003360*T0(x11) + -0.057146*T1(x11) + 0.066694*T2(x11) + -0.062537*T3(x11) + 0.046734*T4(x11) + -0.002953*T0(x12) + 0.104781*T1(x12) + -0.066319*T2(x12) + 0.029740*T3(x12) + -0.031393*T4(x12) + 0.005900*T0(x21) + 0.036219*T1(x21) + 0.011721*T0(x22) + -0.004359*T1(x22) + -0.000703*T0(x31) + -0.003038*T1(x31) + 0.001497*T2(x31) + 0.002448*T3(x31) + 0.001485*T4(x31) + 0.000038*T0(x32) + 0.000147*T1(x32) + -0.000138*T2(x32) + -0.000201*T3(x32) + -0.000651*T4(x32)

(F1) transformed:
-2.7894261384759704(x11)^3 + 9.397161502947633(x11)^2 - 11.916357410981945(x11) + 5.10437209255797 +
4.592573269891388(x12)^3 - 14.06155498650562(x12)^2 + 18.104866606772138(x12) - 8.093956395049922 +
0.004417860171335996 +
0.0034652670396289995 +
-0.5896366433566118(x31)^3 + 3.6199134259850174(x31)^2 - 8.271525751652403(x31) + 5.208896004215254 +
-10.83279565870833(x32)^3 + 55.65872736136784(x32)^2 - 93.27446342852787(x32) + 48.51117431349552 +
0.19820275241640373

(F2) transformed:
-3.269005517924799(x11)^3 + 11.012793055259074(x11)^2 - 13.965108304085543(x11) + 5.981954605627246 +
2.2800034138468717(x12)^3 - 6.980921476727256(x12)^2 + 8.988241503147304(x12) - 4.0182806299959095 +
0.0724386256319005 +
-0.00871831226224242 +
-0.021520996276274924(x31)^3 + 0.1321222896148006(x31)^2 - 0.3019002921647837(x31) + 0.19011815628022533 +
0.01861133716642307(x32)^3 - 0.09562474672396336(x32)^2 + 0.16025064466992087(x32) - 0.08334485851413553 +
-0.01750025522446662

(F1) transformed denormed:
-124.26167110863547(x11)^3 + 15.661002660104998(x11)^2 - 0.8227794047121345(x11) + 0.01542153433725705 +
464.65639285213155(x12)^3 - 14.215749138577552(x12)^2 + 0.1913317645934892(x12) - 0.0009541486662545988 +
8.957299854587158e-08 +
2.3741275911645044e-07 +
-1576.4924033917207(x31)^3 + 0.010666566162168904(x31)^2 - 3.2071101291567215e-08(x31) + 3.615530806906136e-14 +
-0.0005351525448637898(x32)^3 + 6.860285181085839e-10(x32)^2 +
87946430.19415756

(F2) transformed denormed:
-8089320651.764125(x11)^3 + 1019516888.1558381(x11)^2 - 53562183.50359469(x11) + 1003927.7202959944 +
12814019883.40288(x12)^3 - 392033543.32664806(x12)^2 + 5276434.529994184(x12) - 26312.949028981988 +
81.58483174301958 +
-33.179805885181935 +
-3196272975.876454(x31)^3 + 21626.020586074043(x31)^2 - 0.06502282798464075(x31) + 7.330338786727046e-08 +
51.07268547922297(x32)^3 - 6.547164742354916e-05(x32)^2 + 2.7375030398101692e-11(x32) +
176992223033916.8
